9721.662689655492
9753.9125514513
10013.679961120319
9561.091466227159
10097.938554778211
10159.481857653243
9196.53555736072
10088.279448625137
9943.222696526456
10032.818059356474
10288.45429282412
10136.881696533277
9606.714056670937
8976.13977374884
8978.24427205161
9961.366067117046
9214.56949103241
10225.07809969289
10157.745638858207
9858.566461521124
10026.371848100207
9657.626152898636
10306.203454882245
10005.257024383489
10233.14543973165
10182.874714327676
10241.484042946695
10015.944320057652
9866.41702331852
10118.34018951379
9072.37786879216
10023.043559950243
9699.46386127802
10088.764173419228
9361.509315053625
9281.800186867966
10027.401323825914
9699.44420451719
9073.11299344956
10060.521739485213
10055.179776356057
10084.033783652423
10181.8356050981
8952.303935927795
9023.91691478089
9887.359766259506
9132.978287792004
10022.392501738437
9781.355430679816
9994.928001566514
9155.872125931255
9993.358744081199
9183.991921169822
9435.68348861911
9584.71303910536
9982.792797220485
9879.54213484351
9988.963991588385
9534.377984095243
9267.238596633226
